nr.   Tijd   Temp.(°C) Vochtigheid(%) 
1	10:10:50    None         None 
2	10:10:55    None         None 
3	10:11:00    23.0         54 
4	10:11:05    23.0         54 
5	10:11:10    23.0         54 
6	10:11:15    23.0         54 
7	10:11:20    23.0         54 
8	10:11:25    23.0         54 
9	10:11:30    23.0         54 
10	10:11:35    23.0         54 
11	10:11:40    23.0         53 
12	10:11:45    23.0         53 
13	10:11:50    23.0         53 
14	10:11:55    23.0         53 
15	10:12:00    23.0         53 
16	10:12:05    23.0         53 
17	10:12:10    23.0         53 
18	10:12:15    23.0         53 
19	10:12:20    23.0         53 
20	10:12:25    23.0         53 
21	10:12:30    23.0         53 
22	10:12:35    23.0         53 
23	10:12:40    23.0         53 
24	10:12:45    23.0         53 
25	10:12:50    23.0         53 
26	10:12:55    23.0         53 
27	10:13:00    23.0         53 
28	10:13:05    23.0         53 
29	10:13:10    23.0         53 
30	10:13:15    23.0         53 
31	10:13:20    23.0         53 
32	10:13:25    23.0         53 
33	10:13:30    23.0         53 
34	10:13:35    23.0         53 
35	10:13:40    23.0         53 
36	10:13:45    23.0         53 
37	10:13:50    23.0         53 
38	10:13:55    23.0         53 
39	10:14:00    23.0         53 
40	10:14:05    23.0         53 
41	10:14:10    23.0         53 
42	10:14:15    23.0         53 
43	10:14:20    23.0         53 
44	10:14:25    23.0         53 
45	10:14:30    23.0         53 
46	10:14:35    23.0         53 
47	10:14:40    23.0         53 
48	10:14:45    23.0         53 
49	10:14:50    23.0         53 
50	10:14:55    23.0         53 
51	10:15:00    23.0         53 
52	10:15:05    23.0         53 
53	10:15:10    23.0         53 
54	10:15:15    23.0         53 
55	10:15:20    23.0         53 
56	10:15:25    23.0         53 
57	10:15:30    23.0         53 
58	10:15:35    23.0         53 
59	10:15:40    23.0         53 
60	10:15:45    23.0         53 
61	10:15:50    23.0         53 
62	10:15:55    23.0         53 
63	10:16:00    23.0         53 
64	10:16:05    23.0         53 
65	10:16:10    23.0         53 
66	10:16:15    23.0         53 
67	10:16:20    23.0         53 
68	10:16:25    23.0         53 
69	10:16:30    23.0         53 
70	10:16:35    23.0         53 
71	10:16:40    23.0         53 
72	10:16:45    23.0         53 
73	10:16:50    23.0         53 
74	10:16:55    23.0         53 
75	10:17:00    23.0         53 
76	10:17:05    23.0         53 
77	10:17:10    23.0         53 
78	10:17:15    23.0         53 
79	10:17:20    23.0         53 
80	10:17:25    23.0         53 
81	10:17:30    23.0         53 
82	10:17:35    23.0         53 
83	10:17:40    23.0         53 
84	10:17:45    23.0         53 
85	10:17:50    23.0         53 
86	10:17:55    23.0         53 
87	10:18:00    23.0         53 
88	10:18:05    23.0         53 
89	10:18:10    23.0         53 
90	10:18:15    23.0         53 
91	10:18:20    23.0         53 
92	10:18:25    23.0         53 
93	10:18:30    23.0         53 
94	10:18:35    23.0         53 
95	10:18:40    23.0         53 
96	10:18:45    23.0         53 
97	10:18:50    23.0         53 
98	10:18:55    23.0         53 
99	10:19:00    23.0         53 
100	10:19:05    23.0         53 
101	10:19:10    23.0         53 
102	10:19:15    23.0         53 
103	10:19:20    23.0         53 
104	10:19:25    23.0         53 
105	10:19:30    23.0         53 
106	10:19:35    23.0         53 
107	10:19:40    23.0         54 
108	10:19:45    23.0         54 
109	10:19:50    23.0         54 
110	10:19:55    23.0         54 
111	10:20:00    23.0         54 
112	10:20:05    23.0         54 
113	10:20:10    23.0         54 
114	10:20:15    23.0         54 
115	10:20:20    23.0         54 
116	10:20:25    23.0         53 
117	10:20:30    23.0         53 
118	10:20:35    23.0         53 
119	10:20:40    23.0         53 
120	10:20:45    23.0         53 
121	10:20:50    23.0         53 
122	10:20:55    23.0         53 
123	10:21:00    23.0         53 
124	10:21:05    23.0         53 
125	10:21:10    23.0         53 
126	10:21:15    23.0         53 
127	10:21:20    23.0         53 
128	10:21:25    23.0         53 
129	10:21:30    23.0         53 
130	10:21:35    23.0         53 
131	10:21:40    23.0         53 
132	10:21:45    23.0         53 
133	10:21:50    23.0         53 
134	10:21:55    23.0         53 
135	10:22:00    23.0         53 
136	10:22:05    23.0         53 
137	10:22:10    23.0         53 
138	10:22:15    23.0         53 
139	10:22:20    23.0         53 
140	10:22:25    23.0         53 
141	10:22:30    23.0         53 
142	10:22:35    23.0         53 
143	10:22:40    23.0         53 
144	10:22:45    23.0         53 
145	10:22:50    23.0         53 
146	10:22:55    23.0         53 
147	10:23:00    23.0         53 
148	10:23:05    23.0         53 
149	10:23:10    23.0         53 
150	10:23:15    23.0         53 
151	10:23:20    23.0         53 
152	10:23:25    23.0         53 
153	10:23:30    23.0         53 
154	10:23:35    23.0         53 
155	10:23:40    23.0         53 
156	10:23:45    23.0         53 
157	10:23:50    23.0         53 
